ÆµÂÊ£º7.16714
s21 = -0.076336 dB
s11 = -25.5294 dB
ÆµÂÊ£º7.16714
s21 = -1.#INF dB
s11 = -2.36955 dB
s21=0 s11=0.761241
ÆµÂÊ£º7.16714
s21 = -195.473 dB
s11 = -2.36955 dB
s21=1.68409e-010 s11=0.761241
