ÆµÂÊ£º7.16714
s21 = -0.076336 dB
s11 = -25.5294 dB
